density: 0.0723397754375743
discourse: 0.05333477923187214
diversity: 0.028474405739614256
fluency: 0.06611812283169938
linking_rate: 0.057611610881268815
polarity: 0.02823220287731438
synonyms_rate: 0.003009976125385213
