density: 0.0
linking_rate: 0.01461707331680944
polarity: 0.0010937453001283555
synonyms_rate: 0.0
