embedding: 0.00336468497668611
linking_rate: 0.0013642246766459266
synonyms_rate: 4.236429575350368e-09
