embedding: 0.04168267657607714
linking_rate: 0.008214480019307689
synonyms_rate: 2.0296958830591996e-07
