density: 0.00025812891841395377
discourse: 0.00017214621567450804
linking_rate: 0.012697149744349056
synonyms_rate: 0.0003244999869056739
