density: 0.0995893899074586
discourse: 0.05489501561460225
linking_rate: 0.02200479198261608
reference: 0.0014954589358523135
synonyms_rate: 0.001149151678303385
