density: 7.009952919012024e-06
linking_rate: 0.0069530802246225345
polarity: 0.0001207572198489746
synonyms_rate: 1.3137918255112682e-05
