density: 0.08562458086136333
discourse: 0.03972670878926227
diversity: 0.14158591880659857
fluency: 0.07432024178583563
linking_rate: 0.0993631576422399
polarity: 0.018408586862478135
reference: 0.0007219425066678914
synonyms_rate: 0.02285228034923786
